63
C 128 3 4 4 4 4 0 0 1 1
N 128
C 128 1 5 5 1 1 2 2 128 1
N 128
C 128 128 1 1 1 1 0 0 1 1
N 128
C 128 1 5 5 1 1 2 2 128 1
N 128
C 128 128 1 1 1 1 0 0 1 1
N 128
C 128 1 5 5 1 1 2 2 128 1
N 128
C 128 128 1 1 1 1 0 0 1 1
N 128
C 128 1 5 5 1 1 2 2 128 1
N 128
C 128 128 1 1 1 1 0 0 1 1
N 128
C 128 1 5 5 1 1 2 2 128 1
N 128
C 128 128 1 1 1 1 0 0 1 1
N 128
C 128 1 5 5 1 1 2 2 128 1
N 128
C 128 128 1 1 1 1 0 0 1 1
N 128
C 128 1 5 5 1 1 2 2 128 1
N 128
C 128 128 1 1 1 1 0 0 1 1
N 128
H 128 133 region_id_output
H 128 10 class_num_01_output
H 128 20 class_num_02_output
H 128 22 class_num_03_output
C 128 1 5 5 1 1 2 2 128 1
N 128
C 128 128 1 1 1 1 0 0 1 1
N 128
C 128 1 5 5 1 1 2 2 128 1
N 128
C 128 128 1 1 1 1 0 0 1 1
N 128
C 128 1 5 5 1 1 2 2 128 1
N 128
C 128 128 1 1 1 1 0 0 1 1
N 128
C 128 1 5 5 1 1 2 2 128 1
N 128
C 128 128 1 1 1 1 0 0 1 1
N 128
C 128 1 5 5 1 1 2 2 128 1
N 128
C 128 128 1 1 1 1 0 0 1 1
N 128
C 128 1 5 5 1 1 2 2 128 1
N 128
C 128 128 1 1 1 1 0 0 1 1
N 128
H 128 53 hiragana_id_output
H 128 11 plate_num_01_output
H 128 11 plate_num_02_output
H 128 11 plate_num_03_output
H 128 10 plate_num_04_output
